121
2250
2251
2258
3825
3826
3827
3828
3829
4211
4553
4554
4770
4772
4773
4816
4828
16
44
45
795
796
797
798
799
1474
1937
1939
1940
2346
2347
2348
2349
2350
2351
2352
2353
3090
3092
3093
3094
3095
3096
3097
3098
3099
3768
500
3257
3320
4340
6685
682
1803
2423
2424
2425
2427
2439
2440
2441
2442
2443
3423
4181
4361
4362
4363
4364
4365
4366
4367
4368
4369
4371
4372
4393
4394
4396
4821
4822
4823
4824
4825
4826
4827
4828
6210
6604
1958
1959
1960
1961
1962
1963
1964
3895
3896
3897
3898
3899
3900
3901
3902
3903
4138
4139
4140
4141
4142
4143
4144
4145
4153
4154
4155
4156
4157
4158
4159
4160
4161
4162
4194
4195
4196
4197
4198
4199
4200
4201
4202
4237
4401
4403
4404
1420
2354
2355
2415
6722
2918
24
25
26
155
157
211
213
214
1858
1859
1860
1862
2355
3044
4537
4565
6720
6722
6724
