3023
3025
3026
3027
3033
3034
3035
3036
3133
3429
3436
3437
3438
3439
3440
3557
3558
3560
3562
3609
3610
3611
3612
3613
3615
3616
3623
3624
3626
3627
3628
3629
3630
3713
3765
3766
3767
3768
3769
3922
4379
4380
4801
4862
4865
4960
4961
5201
5202
5203
5204
5205
5206
5207
5208
5209
5210
5211
5212
5213
5214
5215
5217
5231
5232
5313
5445
5551
5552
5836
5838
5839
5840
5841
5842
5843
5844
5845
5846
5847
5848
5849
5850
5851
5853
5893
5894
5895
5896
5898
5899
5917
5918
5982
5983
5984
5985
5986
5987
5989
5990
5991
6041
6043
6044
6110
6111
6112
6113
6114
6115
6118
6119
6120
6121
6122
6123
6124
6125
6155
6156
6158
6159
6160
6162
6246
6254
6255
6256
6257
6258
6259
6260
6261
6262
6263
6264
6265
6267
6268
6269
6270
6443
6559
6563
6564
6566
6567
6568
6569
6570
6571
6572
6840
6863
6864
6886
6887
6888
6889
6890
6891
6892
6895
7139
7141
7142
7143
7155
7156
7158
7159
7160
7162
7251
7252
7255
7256
7259
7260
7262
7285
7286
7287
7288
7289
7290
7291
7292
7361
7363
7364
7365
7367
7368
7369
7370
7371
7372
7373
7392
7393
7394
7395
7396
7397
7398
7399
7574
7822
7843
9603
9604
9607
9675
9681
