2344
2345
2346
2347
2348
2349
2888
2889
2890
2891
2893
2897
2899
3091
3093
1793
1795
1796
1797
1799
1800
1813
6585
6595
6596
625
1116
1117
2362
2364
2365
3776
3777
4374
4376
6832
6833
6834
6835
6836
6837
6838
6839
6840
6841
6842
6860
6861
6862
6863
6864
6865
6866
6867
6868
15
16
833
834
835
836
837
838
839
840
3025
3026
3027
3028
3029
3030
3031
3032
3033
3034
3035
3036
3037
3038
3039
3040
3041
3042
3055
3056
3057
3058
3068
3069
3070
3071
3072
3073
3074
372
373
374
375
442
443
444
445
446
447
2916
4216
4825
15
16
833
834
835
836
837
838
839
840
3025
3026
3027
3028
3029
3030
3031
3032
3033
3034
3035
3036
3037
3038
3039
3040
3041
3042
3055
3056
3057
3058
3068
3069
3070
3071
3072
3073
3074
24
25
26
27
28
33
152
154
155
156
436
611
2205
2208
2209
2216
2246
2298
2300
2302
2303
2304
2305
3055
3077
3085
3086
119
120
121
122
962
2097
3252
3564
3569
3570
3571
3572
3573
3574
4291
4292
4440
4443
4444
554
1609
1611
1954
1955
1956
1957
1958
1959
1960
1961
1962
1963
2209
2212
2213
2216
2454
4139
4140
4141
4142
4143
4144
4145
4146
4155
4156
4157
4158
4159
4160
4161
4162
4163
4164
4197
4199
4201
1958
1959
1960
1961
1962
1963
3245
3898
3899
4139
4141
4142
4143
4159
4162
4197
4198
4402
