91
92
93
94
95
948
949
950
951
952
953
3720
3721
3724
4088
5519
5520
5521
5522
5523
5524
5525
5526
1622
1625
1627
3256
7000
7002
2907
2908
4514
4517
6013
499
2888
2889
2890
2891
2892
2893
2894
2895
2897
2898
2899
2900
2921
2922
3567
3568
3569
3570
3571
51
52
53
717
721
1378
1379
1380
1381
2344
2346
2347
2349
2571
2572
2573
2574
2575
2593
3033
3599
3601
4308
4309
4311
4313
529
644
645
646
647
878
1226
1227
1333
1335
1336
1447
1530
1531
1532
1533
1534
1785
1786
2021
3428
417
962
1859
4142
4143
4144
4145
4146
4148
4518
4519
4521
1914
2892
2895
2896
2899
2900
3029
4262
4263
2311
2312
2313
2314
2315
2316
2317
2318
2319
3646
3654
4321
4326
5083
6754
1960
1961
1962
3096
3097
3099
3100
4139
4140
4141
4142
4143
4144
4145
4146
4147
4148
4149
4154
4156
4157
4158
4159
4160
4161
4194
4197
4198
4296
