3023
3024
3025
3026
3027
3033
3034
3035
3036
3310
3429
3434
3435
3436
3437
3438
3439
3440
3557
3609
3610
3611
3612
3613
3615
3616
3619
3620
3621
3622
3623
3624
3626
3627
3628
3629
3630
3642
3643
3644
3645
3647
3765
3766
3767
3768
3769
3865
3898
3922
4360
4361
4362
4379
4380
4801
4857
4858
4859
4861
4862
4865
4868
4869
4874
4909
4911
4912
4913
4914
4915
4916
4960
4961
5201
5202
5203
5204
5205
5206
5207
5208
5209
5210
5212
5213
5214
5215
5217
5231
5232
5245
5295
5296
5297
5298
5299
5300
5302
5313
5356
5360
5445
5551
5552
5810
5811
5812
5836
5838
5839
5840
5841
5842
5843
5844
5845
5846
5847
5848
5849
5850
5851
5853
5893
5895
5896
5898
5899
5917
5918
5982
5983
5984
5985
5986
5987
5989
5990
5991
6028
6029
6030
6031
6032
6033
6034
6036
6041
6043
6044
6045
6046
6047
6048
6049
6050
6084
6085
6110
6111
6112
6113
6114
6115
6118
6119
6120
6121
6122
6123
6124
6125
6155
6156
6158
6159
6160
6162
6261
6263
6267
6268
6270
6489
6490
6491
6492
6493
6494
6618
6619
6620
6621
6624
6772
6840
6852
6853
6854
6855
6856
6857
6863
6864
6866
6867
6886
6887
6888
6889
6890
6891
6892
6902
6903
6904
6905
6906
6907
6908
6909
6910
7107
7108
7110
7139
7141
7142
7143
7147
7155
7156
7158
7159
7160
7162
7237
7238
7251
7252
7255
7256
7259
7260
7262
7285
7286
7287
7288
7289
7290
7291
7292
7361
7363
7364
7365
7367
7368
7369
7370
7371
7372
7373
7392
7393
7394
7395
7396
7397
7398
7399
7534
7537
7562
7574
7727
7728
7750
7751
7753
7754
7755
7756
7757
7759
7760
7797
7799
7801
7819
7822
7843
9564
9565
9566
9567
9568
9569
9570
9571
9572
9573
9574
9575
9576
9577
9603
9604
9607
9675
9681
9719
9720
9721
9722
9723
9724
9725
9727
9729
9819
9820
9821
9822
9823
9824
9825
9826
9827
