15
16
443
444
445
1958
1960
1961
3862
4140
4143
4155
4156
4157
4158
4159
4224
4225
4228
4229
4232
119
120
1285
1295
1959
1961
1962
1963
3899
4141
4142
4143
4161
4162
772
773
2983
2984
2985
2986
2987
2988
2989
2990
763
765
766
767
768
1479
1481
3532
3645
3647
4121
4124
4125
4126
4128
4129
4149
4151
4154
4155
4156
4159
4181
4183
4184
4348
4351
5082
6752
6753
7071
17
211
212
213
214
1959
1960
1961
1962
1963
2580
2582
3270
3271
3272
4138
4139
4140
4141
4142
4143
4145
4154
4155
4156
4157
4158
4159
4160
4162
4304
4305
4306
4308
1793
1794
1795
1796
1797
1798
1799
1800
1809
1810
6586
6587
6588
6589
6591
6592
6593
6597
15
16
17
618
619
620
834
838
2859
3028
3037
3038
3039
3040
3041
3042
3043
3047
3779
3864
3865
3866
3870
