16
17
23
24
310
434
435
618
619
620
621
622
837
839
863
864
865
1911
1912
1913
1914
1915
1916
3026
3027
3028
3029
3030
3031
3033
3036
3037
3046
3047
3618
3622
4725
4726
4727
4728
6821
6826
499
2888
2889
2890
2891
2892
2893
2894
2895
2897
2898
2899
2900
2921
2922
3567
3568
3569
3570
3571
2907
2908
4514
4517
6013
1914
2892
2895
2896
2899
2900
3029
4262
4263
499
2888
2889
2890
2891
2892
2893
2894
2895
2897
2898
2899
2900
2921
2922
3567
3568
3569
3570
3571
91
92
93
94
95
948
949
950
951
952
953
3720
3721
3724
4088
5519
5520
5521
5522
5523
5524
5525
5526
2066
3824
4197
91
92
93
94
95
948
949
950
951
952
953
3720
3721
3724
4088
5519
5520
5521
5522
5523
5524
5525
5526
445
2310
2311
2312
2313
2314
2315
2316
2317
2318
2319
2320
2321
2322
2352
3807
3808
4230
4276
4299
4302
4325
4327
4328
4329
