24
25
26
27
28
33
152
154
155
156
436
611
2205
2208
2209
2216
2246
2298
2300
2302
2303
2304
2305
3055
3077
3085
3086
642
643
644
645
646
647
648
878
1226
1530
1531
1533
1534
1898
1936
2020
2022
2455
2458
2579
3030
3031
3032
3034
3901
3903
3904
3906
625
1116
1117
2362
2364
2365
3776
3777
4374
4376
6832
6833
6834
6835
6836
6837
6838
6839
6840
6841
6842
6860
6861
6862
6863
6864
6865
6866
6867
6868
554
1609
1611
1954
1955
1956
1957
1958
1959
1960
1961
1962
1963
2209
2212
2213
2216
2454
4139
4140
4141
4142
4143
4144
4145
4146
4155
4156
4157
4158
4159
4160
4161
4162
4163
4164
4197
4199
4201
1958
1959
1960
1961
1962
1963
1964
1965
3898
4138
4139
4140
4141
4142
4143
4144
4152
4154
4155
4156
4157
4158
4159
4160
4161
4162
4163
4164
4193
4194
4195
4196
4197
4198
4199
4200
4201
4236
4237
4399
4401
4402
372
373
374
375
442
443
444
445
446
447
2916
4216
4825
92
94
442
445
626
627
951
952
2899
3810
3811
3812
4252
4257
4331
5521
5522
5524
2447
15
16
833
834
835
836
837
838
839
840
3025
3026
3027
3028
3029
3030
3031
3032
3033
3034
3035
3036
3037
3038
3039
3040
3041
3042
3055
3056
3057
3058
3068
3069
3070
3071
3072
3073
3074
