1793
1794
1795
1796
1797
1798
1799
1800
1809
1810
6586
6587
6588
6589
6591
6592
6593
6597
15
16
17
618
619
620
834
838
2859
3028
3037
3038
3039
3040
3041
3042
3043
3047
3779
3864
3865
3866
3870
772
773
2983
2984
2985
2986
2987
2988
2989
2990
119
120
1285
1295
1959
1961
1962
1963
3899
4141
4142
4143
4161
4162
44
45
46
3850
3878
3939
3940
3941
3942
3944
3945
3946
3965
3966
3967
3968
3969
3970
3972
3973
6884
6886
6911
763
765
766
767
768
1479
1481
3532
3645
3647
4121
4124
4125
4126
4128
4129
4149
4151
4154
4155
4156
4159
4181
4183
4184
4348
4351
5082
6752
6753
7071
703
704
705
1628
1629
1630
3062
4149
