1420
2354
2355
2415
6722
372
373
374
375
376
441
442
443
444
445
446
447
2380
2381
2383
2913
2918
3806
3807
4221
4225
4228
4230
4231
4232
4328
4329
4330
4331
4332
4729
4318
4319
4320
4321
4322
4323
4324
4325
4347
5082
6753
500
3257
3320
4340
6685
500
4140
4142
1958
1959
1960
1961
1962
1963
1964
3895
3896
3897
3898
3899
3900
3901
3902
3903
4138
4139
4140
4141
4142
4143
4144
4145
4153
4154
4155
4156
4157
4158
4159
4160
4161
4162
4194
4195
4196
4197
4198
4199
4200
4201
4202
4237
4401
4403
4404
16
44
45
795
796
797
798
799
1474
1937
1939
1940
2346
2347
2348
2349
2350
2351
2352
2353
3090
3092
3093
3094
3095
3096
3097
3098
3099
3768
2918
121
2250
2251
2258
3825
3826
3827
3828
3829
4211
4553
4554
4770
4772
4773
4816
4828
500
3257
3320
4340
6685
